0.000115478  0.000115478
0.000153993  0.000153993
0.000205353  0.000205352
0.000273842  0.000273842
0.000365174  0.000365174
0.000486968  0.000486967
0.000649382  0.000649381
0.000865964  0.000865964
0.00115478  0.00115478
0.00153993  0.00153992
0.00205353  0.00205352
0.00273842  0.00273841
0.00365174  0.00365172
0.00486968  0.00486962
0.00649382  0.00649368
0.00865964  0.00865932
0.0115478  0.011547
0.0153993  0.0153974
0.0205353  0.0205309
0.0273842  0.0273739
0.0365174  0.0364931
0.0486968  0.048639
0.0649382  0.0648014
0.0865964  0.0862723
0.115478  0.114711
0.153993  0.152178
0.205353  0.201068
0.273842  0.263764
0.365174  0.34162
0.486968  0.43252
0.649382  0.525932
0.865964  0.595199
1.15478  0.592829
1.53993  0.470503
2.05353  0.249343
2.73842  0.0644355
3.65174  0.00464296
4.86968  3.45245e-05
6.49382  4.52352e-09
8.65964  4.50562e-16
11.5478  1.27482e-28
15.3993  4.94054e-51
20.5353  5.52418e-91
27.3842  3.98145e-162
36.5174  9.81749e-289
48.6968  0
64.9382  0
86.5964  0
115.478  0
153.993  0
205.353  0
273.842  0
365.174  0
486.968  0
649.382  0
865.964  0
1154.78  0
1539.93  0
2053.53  0
2738.42  0
3651.74  0
4869.68  0
6493.82  0
8659.64  0
